117 207 99999
2349 308 200
564 955 271
409 344 345
893 922 998
252 168 546
93 637 470
270 836 263
803 263 333
561 63 57
158 757 950
403 415 116
960 493 9076
618 122222 306
602 564 1
883 339 623
328 459 148
863 729 859
17 359 329
178 123 287
395 549 969
729 490 899
392 821 51
651 982 779
728 56 219
825 113 143
829 473 390
580 433 95
582 778 710
713 976 532
732 614 445
86 311 943
776 882 308
606 684 336
934 865 971
800 186 457
452 7 736
204 431 222
334 994 968
965 563 996
485 935 322
112 829 738
847 805 274
699 3489 75
317 691 901
203 579 2
634 79 188
21 68 143
713 648 204
662 643 194
220 984 808
204 163 100
82 400 65
563 558 858
978 612 405
2345 449 230
859 643 223
677 61 801
401 574 872
171 461 960
359 500 561
536 607 259
7654 945 756
33 795 54
577 7869 122
791 944 831
269 711 172
72 661 846
877 995 692
652 734 30
925 110 477
159 487 644
565 95 699
427 961 326
782 68 366
664 714 781
12347 423 39
141 438 305
727 9004 673
21 590 447
921 718 965
754 979 755
411 367 321
257 697 454
157 91 94
261 247 64
880 603 2934
165 953 284
225 710 1954
271 252 788
874 490 340
57 788 170
421 466 983
3 792 155
914 850 591
287 829 262
554 1890 880
536 713 194
861 514 415
733 3458 220